 1    0.0
 2   -1.3
 5   -2.7
 7    0.0
 9   -2.7
20   -2.7
22   -2.7
23   -1.3
28   -2.7
30   -2.7
33   -1.3
33   -2.7
37   -2.7
39   -2.7
40   -5.4
42   -2.7
44   -5.4
46    0.0
55   -2.7
57   -2.7
58    0.0
62  -13.3
62   -5.4
62   -5.4
62   -9.3
62  -16.0
62  -22.8
63   -2.7
66  -22.8
66  -32.1
66  -53.5
66  -54.9
67  -40.2
67  -21.5
68  -21.5
68  -50.8
69  -42.9
69  -26.8
70  -21.5
70  -50.8
70  -61.7
71   -5.4
71  -80.4
72  -59.0
73  -71.0
73  -91.1
73  -77.7
77  -37.5
77  -85.6
77 -123.1
77 -101.9
78  -99.1
78 -104.4
82 -112.5
82  -50.8
85 -123.1
86  -85.6
86  -72.3
87 -127.2
90 -123.1
91 -117.9
95 -134.0
96 -101.9
98 -108.4
99 -123.1
105 -123.1
106 -128.5
109 -112.5
110  -95.1
110  -81.8
112  -53.5
114  -64.4
114  -57.6
116  -72.3
116  -44.3
117  -26.8
119   -5.4
120 -107.1
120  -21.5
121  -65.6
124  -16.0
125  -45.6
125  -24.2
125    9.5
127    4.0
130   12.0
131  -21.5
131   37.5
132   46.9
136  -17.4
140   36.2
144   75.0
145    8.1
149   54.9
149   48.2
153   46.9
156   16.0
158   45.6
161    1.3
163   75.0
165  -16.0
165  -54.9
166   69.6
167   34.8
167   32.1
170  -37.5
170   22.8
179   46.9
179   10.7
185    5.4
186   -1.3
189  -21.5
191  -13.3
197   30.8
197  -10.7
201   29.4
203    0.0
203  -10.7
204   14.7
209   -1.3
211    0.0
214   10.7
222   10.7
228  -26.8
228  -14.7
233  -13.3
242    0.0
249   10.7
255  -14.7
264   -2.7
264   10.7
266   -2.7
277   10.7
 
